-1.649836372794599049e+00 7.028547360639912922e-01 2.118694928063624694e+00
-3.278099181571344500e-01 -1.547265183235885688e+00 1.000000000000000021e-02
6.895460811304938709e-01 -2.992531906389175322e-01 1.614192395610605457e+00
1.411571568400225907e+00 -1.608474603313805873e-01 6.098610857644790606e-01
-2.028619358013348806e-01 4.177378866457435169e-01 1.768435529235775405e+00
1.696189104315324603e-01 -1.285410470977550457e+00 1.000000000000000021e-02
-1.416918807559482296e+00 -4.891047376292849136e-01 1.000000000000000021e-02
-1.596459076114888465e+00 -1.008117661602035697e-01 3.376602536883303585e-01
6.420662446282415781e-01 9.431439240247846412e-01 1.481211317208797951e+00
2.507008184681674967e-01 -1.179184622861216558e-01 3.396734630776855335e-01
-1.148559382611121116e+00 -3.748518403639857222e-01 1.000000000000000021e-02
1.344326921690297327e+00 -3.302648791844060017e-01 1.000000000000000021e-02
3.879047980486542979e-01 -1.482874178018841471e+00 6.617803915241007306e-01
3.672489122202184930e-01 -4.852898544641031098e-01 1.000000000000000021e-02
-1.106533944467938957e+00 -4.049961977712931427e-01 1.000000000000000021e-02
-7.255212395080042898e-01 -2.031535034831218667e+00 4.625158313585245873e-01
-5.251328374698854135e-02 -1.879992776348450523e+00 4.686665904044512443e-01
1.292750674167380209e+00 -3.940293713563024491e-01 7.141053722296936135e-01
-2.987460535993512467e-01 -1.460778409685987711e+00 7.388270616058940643e-01
3.177929096907057549e-02 6.969461330062187709e-02 1.000000000000000021e-02
9.180313555417402016e-02 1.900220344946595752e+00 1.000000000000000021e-02
1.811033576180065829e-01 -9.143608605480021412e-01 7.302175385119203943e-01
-9.694412904725829838e-01 3.117495894893172748e-02 1.000000000000000021e-02
-1.418621544431765136e+00 8.266842321973784102e-01 1.000000000000000021e-02
1.252162374297163483e+00 -1.049334036108165558e+00 1.384696361249776908e+00
5.425529143315630520e-01 1.266814980226979470e+00 5.935933630463630095e-01
-1.422290425952440485e-01 -2.333562401971524813e-01 1.000000000000000021e-02
6.111304774783528071e-01 -2.889649402817949242e-01 1.000000000000000021e-02
5.900016614534588089e-02 6.705951874718919514e-01 1.022050197974996077e+00
1.400500446669063814e+00 3.789566994685144574e-01 1.000000000000000021e-02
-1.151551830775492169e+00 -1.124596321060231219e+00 1.000000000000000021e-02
-6.659240684879129679e-01 1.186395320430078781e+00 9.521406217850281184e-01
-9.626476952896912964e-01 1.063215035035218990e-02 3.809875188255537060e-01
1.526255025294253054e+00 -1.281843934578526412e+00 1.409487936947135811e+00
-1.513384034069030548e+00 1.969521101644092775e-01 1.161966750507604118e+00
3.014911957085444905e-01 -1.135315241056612523e+00 7.220275024060645030e-01
-1.381606324469941138e-01 -4.763335048238993008e-01 1.000000000000000021e-02
1.576694421813347180e+00 6.530717849948604048e-01 6.445338378875741236e-01
-2.487352445683290170e-01 -3.865972359612727949e-02 1.000000000000000021e-02
1.565418372759095789e+00 6.964714832531115896e-01 2.074074489387721876e+00
2.049201640205365660e+00 -3.122678315497237067e-01 1.000000000000000021e-02
-1.136265827764086689e+00 -1.104556018383282545e+00 1.000000000000000021e-02
-1.766030700713828949e+00 -1.350789856642280684e+00 5.623023090874573748e-01
1.299929236950619682e+00 -2.066619422845647827e-02 2.349381653214202892e+00
7.179412462908342230e-01 -5.221669573087627247e-01 3.200905240918500705e-01
-5.543566580651527742e-01 2.915927385105201997e-01 4.094103578335444027e-01
1.971279338833371864e-01 1.213977415992239406e+00 9.520973896231913480e-01
-1.099748834616655901e-01 -7.836261322207419555e-01 1.449042238620767975e+00
-1.427433520351890195e+00 -1.023094792504031014e+00 1.000000000000000021e-02
-3.727329429915476333e-01 -9.944736061785295345e-01 1.000000000000000021e-02
4.996125048622652165e-01 -5.421982578367623429e-01 1.000000000000000021e-02
-1.452035274056519887e+00 -2.504022246149423481e+00 7.850578596622279637e-01
5.521555071799616465e-01 6.742037887066454349e-01 1.599674562185884552e+00
8.118410403081656179e-01 4.836835669144702865e-01 1.580518792080796153e+00
4.372013385640868277e-01 9.454283811780936908e-01 1.827473615473585777e+00
9.001875656131548276e-01 -3.623876227026218144e-01 1.821089771100735111e-01
-1.356508675595376801e+00 2.152154220719176003e-01 1.200898991068315658e+00
-2.107072129485628054e+00 1.445870497814562672e+00 1.000000000000000021e-02
-1.443595663178137423e-01 -1.120750957285333804e+00 1.000000000000000021e-02
2.018386178007111287e+00 -8.290475525597553741e-01 1.000000000000000021e-02
-1.322680359575552966e+00 9.799607206020606309e-01 1.148052555707382183e+00
2.184731060992425977e+00 9.257797619977412573e-01 1.000000000000000021e-02
5.423957689072134158e-02 9.278710223681008173e-01 1.000000000000000021e-02
-1.349080286298186548e+00 8.946037488468536747e-01 1.000000000000000021e-02
-1.452669293860937572e+00 1.278950358242789409e-01 4.197554092765565237e-01
-1.744206713345025861e+00 -3.066087811805753849e-01 2.728315128648779453e-01
-8.697482840825820904e-02 7.433658216992419243e-01 1.000000000000000021e-02
7.579502579297630049e-01 -1.074266666743914467e+00 1.000000000000000021e-02
1.839783337755355630e+00 -1.527339803095929094e+00 1.000000000000000021e-02
1.161737147929310376e+00 -4.632810313670239766e-01 1.000000000000000021e-02
8.836970879249749222e-01 -1.109844132079980394e-01 1.000000000000000021e-02
-1.063290759148213943e-01 -1.092548540133792656e+00 8.868853606121362976e-01
-2.417695916717456317e+00 -1.308670452737827894e+00 1.788924381077807046e+00
-1.065657151056660590e+00 1.759547047231856398e-01 1.663627561788938169e-01
-1.046725173986400081e+00 1.008430308224868899e+00 7.217423361759961464e-01
-1.228586367682402425e-01 -1.462172924557659792e+00 1.975216481477794161e+00
-3.041700414595075674e+00 -1.194616080157159033e+00 1.000000000000000021e-02
-6.993185021602355000e-01 -3.153379802719670777e-01 5.515933780339886683e-01
1.044352839013546808e+00 -7.479172291068312273e-01 1.000000000000000021e-02
-8.302414017905419552e-01 5.733423340120692539e-03 1.975072699509298646e+00
6.999935283901772554e-01 -4.014726342815636007e-02 7.210567312373944437e-01
-7.273858678005236111e-01 5.175215262390431281e-01 9.438428439172155127e-01
5.526904630827863540e-01 -1.976799314187983381e+00 1.000000000000000021e-02
1.245686355221691022e+00 -1.856590109245427334e-01 1.000000000000000021e-02
-3.534641065188418585e-01 3.147234717863980347e-01 1.051581800952901657e+00
7.523528637154585086e-01 -3.318842923202995898e-01 1.000000000000000021e-02
-7.368744924949119923e-01 1.994791906794324277e-01 1.000000000000000021e-02
1.296753091727254059e+00 1.622537798877599746e+00 6.063720232796878662e-01
-5.062489066878402832e-01 2.080823431582074501e-01 8.604610214863973594e-01
4.999623606469703607e-01 -8.703449199669953673e-01 1.000000000000000021e-02
1.081160440105230602e+00 -4.256189780528655264e-01 1.000000000000000021e-02
-4.690631687800244642e-01 1.883006070847358160e+00 1.000000000000000021e-02
-3.604864040352140919e-01 -2.179767916668842620e+00 1.000000000000000021e-02
-1.514820434165299545e+00 -2.681790914635233114e-01 1.000000000000000021e-02
3.746236983405178966e-01 -9.808456768440150242e-01 1.000000000000000021e-02
-1.433448075815033418e+00 -3.063105462131447410e-01 1.513199769599813393e+00
7.401939405878487088e-01 -6.619221924457914241e-01 1.000000000000000021e-02
-1.167496025447468250e-01 2.258693535951562303e+00 5.827631118084027895e-01
3.571687965823080457e-01 1.707118641836225525e-01 9.209056375326702959e-01
-2.295978229790488268e+00 1.746985819745997676e-02 1.555711525083881996e+00
